0.1 46.9380994530121 505.524628556867 136.443031781615
0.01 47.2781263299419 509.186727420314 137.431446278924
0.001 50.8168588391076 547.298974360541 147.71808757547
0.0004 57.3130801213344 617.263457136594 166.601769215767
0.0003 61.2744281817486 659.92728524557 178.116899687681
0.0002 70.0374464314933 754.305234019866 203.589869225992
0.00016 77.4227477531349 833.845133396083 225.057992449735
0.00014 83.1701241738122 895.744536313917 241.764878172971
0.00012 91.5023769341584 985.483128860311 265.985667711552
0.00011 97.2342369542675 1047.21541971513 282.647449249477
0.0001 104.588374188848 1126.41968101227 304.024982471263
9e-05 114.336291782107 1231.40502294048 332.360928014029
8e-05 127.808567243304 1376.5018020539 371.523103950934
7e-05 147.488278045175 1588.45283137033 428.729497854478
6e-05 178.520279014611 1922.6683395878 518.9355424933
5e-05 233.232801780746 2511.92372212512 677.97782519384
4e-05 348.291389658509 3751.10789398129 1012.43837526935
3e-05 679.513233901715 7318.37631200886 1975.25777246462
2.5e-05 1159.85063398365 12491.623388224 3371.53695523993
