0.34 0.0364110313474895 0.00970320278259251 0.0219489057286497
0.157814020342835 0.0367108361032865 0.00978309797459961 0.0221296308023009
0.0732507794610841 0.0373651606588798 0.00995746941132049 0.0225240636830835
0.034 0.0388147615339073 0.0103437746249789 0.0233978964687165
0.0157814020342835 0.0421317865359738 0.0112277310809995 0.0253974297523281
0.00732507794610841 0.0502730988437913 0.0133973154436412 0.0303050879465282
0.0034 0.0735590886696786 0.0196028161644976 0.0443420975167593
0.00157814020342835 0.167018995757008 0.0445090162074453 0.100680592037585
0.000732507794610842 0.977290500297565 0.260438871159369 0.589119732858518
0.0006 2.02417536876316 0.539423997172552 1.22019159312554
0.0005 4.52760096035233 1.20656374211681 2.72927964350477
0.0004 15.1460070512056 4.03627066648736 9.13015283087541
